  1.31220100
  1.14876300
  1.11865700
  1.14759400
  1.24388500
  1.08455400
  1.07438600
  1.18160000
  1.14910700
  1.02980400
  1.06155700
  1.07340700
  1.09964000
  1.08287900
  1.23125100
  1.10654600
  1.13732500
  1.10112800
  1.12243900
  1.22267400
  1.11729900
  1.07255200
  1.21104200
  1.03105300
  1.13596600
  1.08138900
  1.16458000
  1.09962600
  1.18776700
  1.07754500
  1.09950400
  1.11136700
  1.06478400
  1.17802900
  1.13608600
  1.05664800
  1.12132000
  1.17875500
  1.31672100
  1.22229300
  1.14995000
  1.14208300
  1.16535300
  1.06835000
  1.10415600
  1.10986700
  1.10445400
  1.11636100
  1.09269300
  1.02433300
  1.16814400
  1.16676600
  1.11107500
  1.13649800
  1.07537100
  1.25240800
  1.26245300
  1.13085000
  1.16932000
  1.05855800
  1.10243300
  1.09286000
  1.09962000
  1.20400000
  1.16955300
  1.06717100
  1.09928700
  1.15933900
  1.15546200
  1.05393300
  1.05992500
  1.13312900
  1.10623500
  1.23767000
  1.02224300
  1.14855500
  1.07804600
  1.03513000
  1.12573400
  1.08068200
  1.11029500
  1.06349600
  1.07918900
  1.08799700
  1.10319500
  1.19264800
  1.07053000
  1.33439600
  1.11551300
  1.12511000
  1.04863400
  1.19100500
  1.10034600
  1.14602200
  1.27489600
  1.09086100
  1.16667900
  1.10389900
  1.09444800
