
  1.20765400
  1.09707000
  0.74547100
  0.70202000
  0.69394400
  0.75699500
  0.68108700
  0.68306300
  1.15020100
  0.79429300
  0.76912900
  0.79077900
  0.76419400
  0.72778800
  0.84197600
  0.73900900
  0.72777300
  0.74979300
  0.73297400
  0.73109600
  0.75568700
  0.86043900
  0.75378300
  0.91624000
  0.73274500
  0.86267500
  0.75772600
  0.85125000
  0.73966800
  0.72516500
  0.72047500
  0.74305000
  0.73088000
  0.77727700
  0.74307200
  0.74027700
  0.73027200
  0.72724600
  0.84325300
  0.71751400
  0.75283000
  0.86920900
  0.71510900
  0.77430800
  0.71741400
  0.71825700
  0.74313600
  0.74401300
  0.75448200
  0.75742900
  0.74472100
  0.71243500
  0.76858100
  0.74002000
  0.74343300
  0.75742600
  0.82634600
  0.77859500
  0.74473600
  0.84845800
  0.72947400
  0.76629300
  0.74845400
  0.85582800
  0.72452900
  0.71432200
  0.79112400
  0.75756600
  0.76472000
  0.77568700
  0.73734800
  0.89930200
  0.75312000
  0.73561000
  0.76877500
  0.76999700
  0.73512100
  0.86060900
  0.75691900
  0.80292800
  0.75079900
  0.78149400
  0.71855600
  0.71213500
  0.69857700
  0.77192100
  0.70875100
  0.69394800
  0.69050200
  0.72140900
  0.70605200
  0.70401100
  0.70591100
  0.68050500
  0.67966100
  0.72118300
  0.68374200
  0.66800000
  0.68073100
  0.68916800
  0.68705800
  0.67459500
  0.69524900
  0.71242700
  0.70059400
  0.69080000
  0.66464700
  0.68669500
  0.68805300
  0.68451300
  0.69513800
  0.71059200
  0.69569000
  0.68911400
  0.70364800
  0.71084700
  0.71706500
  0.69397700
  0.70914900
  0.71654000
  0.68364900
  0.68645900
  0.68358200
  0.74122100
  0.71337100
  0.68952900
  0.68033500
  0.68115400
  0.68285900
  0.68833300
  0.73603400
  0.70425800
  0.66870700
  0.66329800
  0.69463300
  0.71880700
  0.72069200
  0.69589300
  0.66786800
  0.67801300
  0.73338500
  0.80282100
  0.67688300
  0.67717100
  0.67889400
  0.69936900
  0.66852200
  0.69483200
  0.69510000
  0.67914300
  0.69457500
  0.68200600
  0.72215600
  0.68868300
  0.67988400
  0.69376700
  0.68659400
  0.70062800
  0.68208700
  0.68781400
  0.68867600
  0.68965700
  0.66798500
  0.67536000
  0.68440400
  0.67301100
  0.66985100
  0.68380600
  0.69030300
  0.76330200
  0.71134800
  0.67187000
  0.69861000
  0.67456800
  0.69654500
  0.67706800
  0.68214000
  0.68751400
  0.69317400
  0.72017700
  0.69884200
  0.69080000
  0.68108100
  0.69464300
  0.68753400
  0.69812900
  0.68603300
  0.68759100
  0.67532800
  0.68695600
  0.70546600
  0.67823200
  0.66651100
  0.67458000
  0.67899600
  0.73347100
  0.70076200
  0.70197000
  0.67749600
  0.68249500
  0.74564500
  0.68104800
  0.68249300
  0.68814300
  0.71427200
  0.69811400
  0.72340700
  0.68976600
  0.69748400
  0.68348900
  0.66935200
  0.70057600
  0.69265800
  0.70275600
  0.67803700
  0.69743500
  0.69400400
  0.69404100
  0.68967600
  0.73180100
  0.66534900
  0.69312800
  0.67766800
  0.69085400
  0.69149000
  0.71815500
  0.69122100
  0.68222300
  0.67622600
  0.70580400
  0.70033200
  0.71183200
  0.68319600
  0.65099800
  0.68665200
  0.69056200
  0.67423400
  0.66410400
  0.68414100
  0.69379900
  0.68996100
  0.67659700
  0.68553800
  0.68121900
  0.68107700
  0.69977700
  0.68983600
  0.68415900
  0.69115700
  0.67558000
  0.70863400
  0.70469100
  0.71522500
  0.69499200
  0.68578400
  0.68645000
  0.68366100
  0.67471900
  0.71324600
  0.69423400
  0.69207300
  0.69406800
  0.74040700
  0.69353500
  0.71928300
  0.69320300
  0.66829300
  0.69623600
  0.71907500
  0.71743200
  0.68599300
  0.69113000
  0.68720800
  0.69424600
  0.67847900
  0.68749900
  0.67982100
  0.69950300
  0.71727000
  0.68246400
  0.69641700
  0.67868800
  0.69317300
  0.67976400
  0.69512000
  0.66733700
  0.69084600
  0.69704000
  0.72280600
  0.69882900
  0.68541700
  0.67897600
  0.69576300
  0.68623500
  0.69316500
  0.69225800
  0.68999000
  0.69089800
  0.67326500
  0.70150000
  0.67754300
  0.68360000
  0.67352600
  0.67368300
  0.68876700
  0.66586400
  0.66923800
  0.70046500
  0.68246200
  0.70500100
  0.68432200
  0.74442900
  0.68825900
  0.67201200
  0.68773000
  0.67240000
  0.71284900
  0.70643800
  0.67715300
  0.66898700
  0.70858600
  0.68963200
  0.68142800
  0.69088500
  0.70312700
  0.68513300
  0.72380600
  0.67952900
  0.68317500
  0.68158700
  0.68627800
  0.67159500
  0.69627500
  0.68780800
  0.69472000
  0.69153900
  0.67275400
  0.68499800
  0.68285400
  0.66563700
  0.67326700
  0.70552200
  0.68239300
  0.68989500
  0.65661600
  0.67742400
  0.72243900
  0.67536300
  0.71178500
  0.70684500
  0.68545800
  0.68219000
  0.67517400
  0.67403200
  0.67721200
  0.67397100
  0.70575000
  0.70047400
  0.67620900
  0.67752000
  0.68715600
  0.67726100
  0.70379300
  0.70263200
  0.67857800
  0.67996700
  0.69667300
  0.69778400
  0.68433400
  0.66958300
  0.70981700
  0.68104200
  0.68520600
  0.70517100
  0.67985000
  0.70799100
  0.68609300
  0.69433500
  0.69976100
  0.68907900
  0.71959600
  0.68997200
  0.68255200
  0.67194700
  0.68383100
  0.71406500
  0.69663700
  0.68957600
  0.72664500
  0.67372200
  0.70760300
  0.68815500
  0.70335700
  0.68085400
  0.66858600
  0.70307100
  0.67970100
  0.68619200
  0.67781800
  0.69255700
  0.67491200
  0.68794100
  0.68654000
  0.67407900
  0.70155500
  0.73591600
  0.70790900
  0.67843900
  0.72165100
  0.68687600
  0.67797200
  0.68290700
  0.72270600
  0.68088800
  0.69064600
  0.67403200
  0.70802000
  0.66948600
  0.68616000
  0.68115300
  0.70021400
  0.69026200
  0.73103300
  0.67780600
  0.68840900
  0.69442800
  0.68556800
  0.70697700
  0.68910200
  0.66405700
  0.69708100
  0.71743200
  0.68317800
  0.68275200
  0.68246000
  0.68072500
  0.68153300
  0.67736100
  0.68272100
  0.69447000
  0.71788000
  0.68835100
  0.69196300
  0.67517100
  0.70737000
  0.69503600
  0.68628500
  0.72008800
  0.68220100
  0.71171100
  0.67755200
  0.68835400
  0.68368800
  0.67897200
  0.69156200
  0.66969600
  0.70992600
  0.69084800
  0.66626700
  0.68703500
  0.68381200
  0.67570500
  0.70951400
  0.67450000
  0.68970500
  0.68180500
  0.67023700
  0.70129200
  0.68967800
  0.70206700
  0.69737700
  0.66873600
  0.68114000
  0.77712100
  0.68642100
  0.67697900
  0.67860800
  0.70009200
  0.70503500
  0.67989700
  0.65775500
  0.68035300
  0.67780700
  0.72689000
  0.67305700
  0.68512100
  0.68245300
  0.67755200
  0.68559700
  0.68998700
  0.68833500
  0.69664100
  0.68375800
  0.72272400
  0.68083800
  0.69968200
  0.66319100
  0.70315100
  0.67978400
  0.67531900
  0.66771800
  0.68016300
  0.67322200
  0.67639100
  0.69130300
  0.73302500
  0.71773300
  0.69369600
  0.68767600
  0.67512100
  0.68574700
  0.71095500
  0.68158000
  0.66528900
  0.69000100
  0.69060400
  0.68918100
  0.68321900
  0.67156600
  0.67904900
  0.66122900
  0.69918200
  0.69134400
  0.68322200
  0.71044300
  0.69500200
  0.68663500
  0.68901800
  0.69146500
  0.68368300
  0.68558000
  0.67546700
  0.67521400
  0.71498300
  0.69878200
  0.67772800
  0.69302800
  0.67115600
  0.71786700
  0.75400100
  0.69872400
  0.66037000
  0.68108800
  0.70089000
  0.70472100
  0.69514300
  0.67169600
  0.67924100
  0.70575000
  0.72994400
  0.71380300
  0.70966200
  0.69847900
  0.69581900
  0.69398200
  0.68326300
  0.67232100
  0.68843300
  0.68824700
  0.68101100
  0.68625300
  0.67211500
  0.67386400
  0.69259800
  0.68065500
  0.68411100
  0.67478500
  0.68201700
  0.68794000
  0.69262800
  0.68164900
  0.67050500
  0.68009300
  0.70517200
  0.68756400
  0.71581000
  0.67538400
  0.71567200
  0.67901900
  0.68687400
  0.73714600
  0.68543000
  0.70179000
  0.68937800
  0.70271600
  0.69223700
  0.68707200
  0.70232900
  0.69745200
  0.68497400
  0.69721500
  0.68954500
  0.70316100
  0.65071100
  0.69719800
  0.67807800
  0.69528600
  0.67804200
  0.67622500
  0.71483200
  0.66444700
  0.69319000
  0.71458500
  0.69289800
  0.67815900
  0.70161800
  0.68552800
  0.68954900
  0.67554800
  0.69954500
  0.66717200
  0.68683900
  0.67647700
  0.67637600
  0.68465200
  0.69422200
  0.67930500
  0.71619600
  0.70342200
  0.68760700
  0.70164000
  0.69558200
  0.69489200
  0.68180900
  0.70444300
  0.69286400
  0.67831900
  0.67199200
  0.68361700
  0.69958300
  0.68184900
  0.70093000
  0.67295300
  0.68944700
  0.73382300
  0.68059100
  0.69681800
  0.67897700
  0.69673300
  0.69766100
  0.68161800
  0.67344700
  0.68619500
  0.68968200
  0.68458400
  0.67557300
  0.67057400
  0.68918000
  0.71243500
  0.68336000
  0.68792300
  0.66680300
  0.68748300
  0.68980800
  0.70362900
  0.68200100
  0.67958400
  0.71991900
  0.73090400
  0.68446000
  0.69789400
  0.68555800
  0.68082700
  0.67169900
  0.68223300
  0.68758400
  0.69299800
  0.68115000
  0.69742800
  0.68684600
  0.71606100
  0.68886700
  0.72055800
  0.68278200
  0.68219500
  0.67396100
  0.68135900
  0.68178800
  0.68434700
  0.67623700
  0.69940800
  0.69182400
  0.68362700
  0.68967700
  0.68868800
  0.66455400
  0.68432000
  0.67998500
  0.70005700
  0.71353900
  0.70342100
  0.70355000
  0.70412700
  0.67580200
  0.67482600
  0.68842600
  0.68307100
  0.68716700
  0.67761400
  0.68209400
  0.68305800
  0.70014500
  0.67649100
  0.72006100
  0.72018200
  0.68016900
  0.68680900
  0.69615400
  0.67865500
  0.69404300
  0.72290000
  0.70342000
  0.69243200
  0.68198700
  0.71107700
  0.69329300
  0.67572100
  0.66782000
  0.68385000
  0.68987600
  0.69464700
  0.69741200
  0.69550100
  0.68910200
  0.68398200
  0.66909600
  0.68836500
  0.67636100
  0.69837400
  0.68132600
  0.68268600
  0.69604500
  0.69872900
  0.67831700
  0.68185300
  0.69145300
  0.70119200
  0.69937100
  0.69123400
  0.68711100
  0.71622200
  0.68464800
  0.68406400
  0.70150800
  0.67542400
  0.68605300
  0.67696800
  0.67167600
  0.68020500
  0.70049200
  0.66598900
  0.68784400
  0.67838600
  0.68978600
  0.68885600
  0.70696400
  0.68508700
  0.70910400
  0.69854800
  0.70571000
  0.67484400
  0.68873000
  0.67983000
  0.69664300
  0.69236600
  0.68589700
  0.71115100
  0.66689000
  0.68231500
  0.68428500
  0.66875200
  0.67781100
  0.68917000
  0.69164000
  0.68563100
  0.68700000
  0.67327300
  0.66945900
  0.68732500
  0.68992000
  0.69651100
  0.66877800
  0.68433700
  0.70628500
  0.71836100
  0.68714700
  0.67348300
  0.70052800
  0.73599600
  0.69197800
  0.69395300
  0.69324500
  0.66473000
  0.69605600
  0.66619400
  0.67975300
  0.69663500
  0.68276900
  0.68173100
  0.70064900
  0.69791300
  0.70217300
  0.72486900
  0.69683900
  0.68482800
  0.69295000
  0.71229200
  0.68422500
  0.67297500
  0.70787700
  0.68551800
  0.69896100
  0.68421300
  0.66967900
  0.67828500
  0.70574100
  0.69184700
  0.67614600
  0.71658500
  0.73382500
  0.68720400
  0.67717800
  0.69126500
  0.70610000
  0.69606200
  0.69973600
  0.68822000
  0.67951000
  0.69339700
  0.68115100
  0.69465900
  0.67750300
  0.69567300
  0.70426500
  0.66643100
  0.66306300
  0.68872200
  0.68591400
  0.69477300
  0.67865500
  0.67439500
  0.69412800
  0.70778400
  0.67280800
  0.66896200
  0.67831100
  0.68309500
  0.68960400
  0.68335500
  0.70636700
  0.69823000
  0.69713000
  0.70250200
  0.69006600
  0.67882200
  0.68058400
  0.68089000
  0.68626100
  0.67928500
  0.68209700
  0.66607300
  0.67800500
  0.68182100
  0.68054100
  0.69113700
  0.66744500
  0.67650300
  0.69641700
  0.69817600
  0.70025700
  0.69892600
  0.69169700
  0.68934100
  0.68700900
  0.69286600
  0.68715800
  0.68502500
  0.68076000
  0.69120000
  0.68870500
  0.71401900
  0.69950800
  0.70650600
  0.66861900
  0.68744100
  0.67296800
  0.68962900
  0.72456200
  0.68149800
  0.67086500
  0.69906000
  0.70521900
  0.68865900
  0.69019700
  0.69568200
  0.74196300
  0.68379500
  0.69239500
  0.68558900
  0.67608900
  0.70164500
  0.67053300
  0.69386400
  0.70894100
  0.67087500
  0.68616800
  0.69842100
  0.73974500
  0.68301500
  0.67779100
  0.67788800
  0.68908000
  0.71116000
  0.67477600
  0.70194700
  0.69038100
  0.68831100
  0.66034700
  0.66961900
  0.71076200
  0.67345100
  0.71200600
  0.69029700
  0.72175300
  0.66828000
  0.68209700
  0.66838500
  0.71244800
  0.71152300
  0.69116300
  0.67612400
  0.68094000
  0.69183700
  0.67679200
  0.70201700
  0.67914100
  0.68565400
  0.69994100
  0.69435500
  0.70548100
  0.71835600
  0.69616500
  0.69503500
  0.69232800
  0.75443700
  0.69869400
  0.70840200
  0.69668400
  0.68682900
  0.67997200
  0.66759500
  0.67823700
  0.71597000
  0.70570100
  0.71379300
  0.67700000
  0.69695900
  0.69190400
  0.67187900
  0.67694500
  0.72669100
  0.69841900
  0.68246800
  0.69227400
  0.66169400
  0.68991800
  0.68419800
  0.69665000
  0.72544000
  0.69386700
  0.69549400
  0.67972600
  0.68611700
  0.69217400
  0.68220400
  0.67166500
  0.68881100
  0.66686700
  0.68186000
  0.73288100
  0.70204900
  0.69675300
  0.69258900
  0.69907000
  0.68188300
  0.67660800
  0.68323900
  0.69557600
  0.66501400
  0.70900700
  0.67627800
  0.69403900
  0.70460800
  0.67465900
  0.68777300
  0.69353200
  0.72873900
  0.69391500
  0.69425900
  0.68745900
  0.68918800
  0.69249200
  0.69808500
  0.68327500
  0.67491700
  0.73964800
  0.71367800
  0.68293100
  0.67676300
  0.69985600
  0.67914200
  0.72744400
  0.67908600
  0.68433100
  0.69018900
  0.67009300
  0.67729200
  0.68952400
  0.70607300
  0.68213900
  0.67145200
  0.69786200
  0.70472000
  0.70501800
  0.69071100
  0.71374100
  0.69092500
  0.70475100
  0.68614500
  0.68238800
  0.66050600
  0.68287500
  0.69257300
  0.69217200
  0.71090700
  0.69038200
  0.72025400
  0.67067700
  0.68133100
  0.68473500
  0.67823100
  0.69154000
  0.70165300
  0.67721300
  0.68542600
  0.69308400
  0.68815300
  0.66854900
  0.67098600
  0.71061600
  0.69840100
  0.68331200
  0.67743500
  0.70415600
  0.73483800
  0.68527500
  0.70436100
  0.68881000
  0.67796100
  0.69741700
  0.71088000
  0.66591600
  0.68318000
  0.68383500
  0.67953000
  0.67521200
  0.70197400
  0.69729200
  0.68727900
  0.70204800
  0.69638600
  0.69166900
  0.66149400
  0.69144700
  0.70692200
  0.71248000
  0.67958700
  0.71136400
  0.66834500
  0.67765000
  0.67912700
  0.68437800
  0.67301400
  0.67086100
  0.67944900
  0.68439000
  0.72868300
  0.68464000
  0.70796300
  0.67463900
  0.70316400
  0.68987100
  0.67821200
  0.68724800
  0.69637000
  0.67666100
  0.67955000
  0.68340800
  0.72371500
  0.69528300
  0.69255500
  0.70301800
  0.67653200
  0.71424100
  0.68199100
  0.68647900
  0.70427400
  0.69944300
  0.76568200
  0.68872300
  0.69998600
  0.68665800
  0.69113300
  0.69326200
  0.67080600
  0.67687400
  0.68842900
  0.74282400
  0.68960100
  0.67731600
  0.69165900
  0.68874800
  0.70677000
  0.70397200
  0.70864900
  0.72636100
  0.70112100
  0.68965100
  0.71213400
  0.74118100
  0.71075300
  1.08393100
  0.70725400
  0.80685200
  0.70988800
  0.76674500
  0.71639300
  0.79259900
  0.68663800
  0.77870000
  0.69003300
  0.75881900
  0.69592000
  0.77174200
  0.68793700
  0.70811700
  0.72483600
  0.71571500
  0.71490400
  0.69066400
  0.70042500
  0.69072100
  0.69489000
  0.73246100
  0.75739700
  0.73429400
  0.77207700
  1.76219700
  1.41463500
  0.93714000
  2.00085500
  1.50084200
  1.55770800
  0.76664900
  0.71273000
  0.67689300
  0.69587900
  0.69325500
  0.68345900
  0.69464600
  0.73203100
  0.71708300
  0.68052700
  0.70225400
  0.68390600
  0.71957300
  0.69722600
  0.68295700
  0.70276700
  0.70255700
  0.68011500
  0.71318900
  0.69249200
  0.69354300
  0.69143200
  0.68961400
  0.69021700
  0.69178200
  0.69608800
  0.69755000
  0.67370600
  0.69978400
  0.68458800
  0.69131500
  0.69431600
  0.71538700
  0.70435700
  0.68723900
  0.68392900
  0.71332000
  0.69413000
  0.70266500
  0.70887800
  0.68799100
  0.69769200
  0.68688100
  0.71992600
  0.75783200
  0.68318900
  0.69009900
  0.70382800
  0.68676600
  0.69756700
  0.68519000
  0.71335100
