  1.01292300
  1.01367100
  1.03310800
  1.10795400
  1.08664700
  0.98877200
  1.10089200
  1.01664600
  1.09660300
  0.97277700
  0.99017300
  1.10932100
  1.01629800
  1.09321000
  1.38141600
  1.09478100
  1.26400300
  1.35086800
  1.32238200
  1.20600800
  1.29218300
  1.34038500
  1.34139500
  1.22944300
  1.26930200
  1.21423600
  1.16309500
  1.26721500
  1.19849600
  1.28606000
  1.20286900
  1.22414300
  1.26291700
  1.22289100
  1.31130100
  1.23768800
  1.19268400
  1.15294200
  1.21172900
  1.29795500
  1.19423500
  1.32015000
  1.19381800
  1.23234800
  1.19386000
  1.27403500
  1.36091700
  1.23195400
  1.14562500
  1.52465300
  1.21836800
  1.28345300
  1.15195400
  1.21605400
  1.34392500
  1.30546000
  1.21007700
  1.21770600
  1.27744600
  1.14032900
  1.25564900
  1.19638200
  1.24025900
  1.28039100
  1.34055100
  1.26491200
  1.31846800
  1.22694500
  1.23834400
  1.21646500
  1.17109300
  1.27602600
  1.21976400
  1.30465800
  1.30659000
  1.27029000
  1.36748700
  1.27090100
  1.27457100
  1.11785900
  1.38487900
  1.31544900
  1.17941400
  1.20048800
  1.23365300
  1.20262000
  1.23825800
  1.26385500
  1.18689600
  1.17547400
  1.20788700
  1.21307800
  1.23121500
  1.14632300
  1.25258700
  1.25076000
  1.19139300
  1.29976200
  1.20517800
  1.26749600
  1.21483600
  1.25619600
  1.12530500
  1.22583300
  1.21452000
  1.23386500
  1.15432300
  1.16428800
  1.32184600
  1.27665700
  1.42418100
  1.12240800
  1.14454900
  1.18208100
  1.17570300
  1.09336100
  1.21869400
  1.28510900
  1.30495000
  1.11649300
  1.19772600
  1.19380200
  1.34745900
  1.28354500
  1.14881900
  1.25148400
  1.25587800
  1.24645200
  1.23656000
  1.17743300
  1.19519600
  1.29935100
  1.22221300
  1.32577700
  1.16563100
  1.27346100
  1.17287200
  1.18661700
  1.24846600
  1.30855400
  1.25671700
  1.28787700
  1.24575700
  1.26936500
  1.26218900
  1.25961000
  1.15207500
  1.23175900
  1.17505800
  1.23975000
  1.23077200
  1.17890000
  1.24126700
  1.20788700
  1.24198700
  1.11711500
  1.30535100
  1.48722300
  1.26656700
  1.32320400
  1.25078100
  1.30623000
  1.46198400
  1.38605700
  1.14487900
  1.30047100
  1.24554500
  1.25553200
  1.14249600
  1.29857700
  1.29941000
  1.21798800
  1.21507800
  1.38806000
  1.28751500
  1.27906900
  1.22249900
  1.19048300
  1.22707300
  1.18269700
  1.26852100
  1.43362000
  1.12619700
  1.26101500
  1.23924100
  1.28592200
  1.15092900
  1.21431300
  1.23283600
  1.28231900
  1.22499300
  1.25276100
  1.20861600
  1.46528000
  1.31415800
  1.23391400
  1.29250800
  1.21252900
  1.26047200
  1.20527400
  1.26842400
  1.40866900
  1.33613600
  1.15747800
  1.24565000
  1.25438700
  1.30487300
  1.22625100
  1.19567400
  1.11891000
  1.24768800
  1.29205400
  1.20428300
  1.30664200
  1.25120500
  1.23537800
  1.18637200
  1.29968200
  1.32408900
  1.18592300
  1.28940300
  1.21372300
  1.19885800
  1.28277600
  1.17185100
  1.21130800
  1.25326300
  1.51437100
  1.29361000
  1.27046700
  1.18124100
  1.18139500
  1.18628800
  1.26352400
  1.15829400
  1.32324300
  1.20595500
  1.29709700
  1.24943200
  1.21529100
  1.27641000
  1.15443200
  1.26624400
  1.20058000
  1.21746900
  1.19580800
  1.28606500
  1.17739200
  1.30423400
  1.33576400
  1.25984800
  1.44172600
  1.16656700
  1.15440500
  1.39908900
  1.31371200
  1.18953700
  1.27554900
  1.22328200
  1.24030000
  1.26908900
  1.24659000
  1.23330900
  1.29841200
  1.25506600
  1.28170900
  1.25045200
  1.21468500
  1.11371800
  1.20482000
  1.26351700
  1.15041800
  1.29279100
  1.25509500
  1.26164300
  1.16949800
  1.22699200
  1.37021700
  1.31596500
  1.19082700
  1.18029600
  1.37995400
  1.23600700
  1.09160400
  1.24582600
  1.30787700
  1.15890300
  1.18246100
  1.29422900
  1.30952500
  1.24612200
  1.23692300
  1.16945500
  1.21228800
  1.25367500
  1.11231200
  1.16565900
  1.20308900
  1.16864800
  1.19529100
  1.32006900
  1.14001200
  1.20550800
  1.21516900
  1.23717700
  1.25891600
  1.32658500
  1.12241100
  1.28993300
  1.25460700
  1.21730200
  1.21294600
  1.18937000
  1.25726700
  1.26101200
  1.32196100
  1.15242900
  1.43088200
  1.15734200
  1.20687200
  1.27312100
  1.19024400
  1.32387900
  1.22292800
  1.25121300
  1.12736300
  1.26266000
  1.16292100
  1.27971900
  1.21561700
  1.21777800
  1.25504900
  1.27090200
  1.40457500
  1.33770400
  1.23820500
  1.24696300
  1.23865100
  1.31312900
  1.19578700
  1.36989800
  1.21425000
  1.19522500
  1.15496600
  1.29835800
  1.14888600
  1.25276200
  1.15743200
  1.38625800
  1.32777200
  1.15889800
  1.18109900
  1.15355700
  1.21401600
  1.20547200
  1.23632300
  1.17402200
  1.20583800
  1.29047800
  1.29394300
  1.21092700
  1.17791400
  1.31814400
  1.23942900
  1.22028000
  1.32933100
  1.24722700
  1.17509900
  1.21004000
  1.20301000
  1.26156500
  1.22275900
  1.18694600
  1.18543700
  1.16420100
  1.28164300
  1.19538700
  1.15968100
  1.29535700
  1.22979900
  1.13873400
  1.15097500
  1.31879900
  1.21479900
  1.23375800
  1.15084100
  1.24554000
  1.32586300
  1.14883300
  1.19793600
  1.13534800
  1.34642700
  1.23654500
  1.19009700
  1.35693100
  1.18175600
  1.16302700
  1.25925800
  1.30977900
  1.19156700
  1.15212800
  1.24522300
  1.22875200
  1.30459200
  1.23060200
  1.12152000
  1.15496000
  1.23704500
  1.29546500
  1.24980600
  1.19958600
  1.27444200
  1.26028900
  1.11769800
  1.25905300
  1.43154500
  1.12134000
  1.19818600
  1.18147100
  1.30997000
  1.22655200
  1.13780900
  1.16056500
  1.10202200
  1.12603000
  1.24801900
  1.24239300
  1.22401300
  1.26306700
  1.17591300
  1.33347500
  1.11628600
  1.34003300
  1.25591900
  1.17360600
  1.15227200
  1.27074800
  1.33242300
  1.19284600
  1.23580700
  1.24368900
  1.20011200
  1.29396500
  1.27924400
  1.20764700
  1.32934300
  1.21302800
  1.33518300
  1.16492300
  1.22140200
  1.16950300
  1.16994200
  1.16113100
  1.26072100
  1.18162800
  1.21449100
  1.10291400
  1.34813700
  1.24016700
  1.20680800
  1.21358200
  1.28079700
  1.26675300
  1.27702000
  1.27257900
  1.21526500
  1.23752600
  1.16693500
  1.22461400
  1.23540600
  1.16277800
  1.13612700
  1.31662800
  1.31473700
  1.18964300
  1.29170300
  1.24243100
  1.24548300
  1.27428900
  1.30976900
  1.16161400
  1.39318300
  1.33460000
  1.22594100
  1.25872200
  1.23447000
  1.22938200
  1.28899900
  1.16903800
  1.11097800
  1.21973500
  1.21276800
  1.20790000
  1.21293100
  1.21956100
  1.36881500
  1.17727800
  1.29044500
  1.16837500
  1.24756100
  1.17500600
  1.16296100
  1.15687800
  1.34003300
  1.35980500
  1.16815100
  1.23159900
  1.20773400
  1.24535500
  1.22740800
  1.20380800
  1.30424000
  1.26730300
  1.21720700
  1.11080400
  1.29001800
  1.20943200
  1.12350900
  1.20013100
  1.21476000
  1.25101300
  1.28681600
  1.12548500
  1.21495000
  1.12747900
  1.55314900
  1.17446400
  1.22358700
  1.25064700
  1.29597500
  1.18355800
  1.22586700
  1.27893000
  1.25318400
  1.21246100
  1.19756800
  1.18918500
  1.19045800
  1.28792300
  1.19504200
  1.16341800
  1.27723400
  1.27090700
  1.20604200
  1.15168500
  1.20114000
  1.31674000
  1.23578600
  1.27775000
  1.19845300
  1.24447800
  1.17239600
  1.26270900
  1.32337900
  1.17613700
  1.18675800
  1.23455300
  1.21007600
  1.23626100
  1.27282700
  1.14194100
  1.21346900
  1.18744500
  1.29881000
  1.13117500
  1.28468500
  1.38170600
  1.27573500
  1.11853400
  1.24422100
  1.35246600
  1.26985600
  1.24425300
  1.21314200
  1.14297300
  1.38551200
  1.14892900
  1.16280400
  1.13189700
  1.20791000
  1.29653000
  1.31947700
  1.25511200
  1.28228600
  1.14534100
  1.35205400
  1.21915000
  1.19665100
  1.18565500
  1.25101000
  1.20314300
  1.27894100
  1.21221100
  1.32530600
  1.14968000
  1.11549200
  1.30116000
  1.19195100
  1.23077600
  1.18643400
  1.13391900
  1.17263700
  1.24115700
  1.19487700
  1.25564900
  1.42744000
  1.21971600
  1.25673500
  1.17478800
  1.44191000
  1.31112300
  1.20505200
  1.33449000
  1.18409900
  1.30142800
  1.22000500
  1.21776700
  1.29043600
  1.16475700
  1.17253300
  1.20711300
  1.24160700
  1.15233000
  1.14587000
  1.28102300
  1.15595500
  1.24005100
  1.19320700
  1.25989700
  1.12319300
  1.25616300
  1.20917500
  1.21659700
  1.17667700
  1.27546100
  1.19277600
  1.25622600
  1.17689500
  1.29230800
  1.23307700
  1.26016300
  1.16006200
  1.24861300
  1.25334300
  1.18216600
  1.23554300
  1.18610600
  1.15405300
  1.27011800
  1.15189700
  1.17045500
  1.29553000
  1.17083000
  1.22711700
  1.13271900
  1.24536700
  1.11808500
  1.20403700
  1.14878500
  1.21780000
  1.17191700
  1.20437600
  1.33718800
  1.16671700
  1.14146300
  1.14611300
  1.35552500
  1.17454400
  1.26152500
  1.20030100
  1.12638800
  1.22172200
  1.23305200
  1.33496800
  1.22195400
  1.19133700
  1.25061600
  1.21914900
  1.20578900
  1.16229600
  1.21691300
  1.17236200
  1.24236300
  1.33571400
  1.32264800
  1.19576100
  1.26173900
  1.26126700
  1.26112400
  1.36354400
  1.29884200
  1.10170500
  1.21880300
  1.26034800
  1.32993800
  1.31066200
  1.16979600
  1.29146700
  1.27845300
  1.22786900
  1.13387200
  1.29893200
  1.28921900
  1.22496800
  1.33107800
  1.23638400
  1.28962300
  1.15079700
  1.39147100
  1.20986800
  1.30559000
  1.17720300
  1.30952000
  1.18975100
  1.12899400
  1.22971600
  1.32433000
  1.25647900
  1.21664900
  1.18846700
  1.28007800
  1.25669000
  1.20094700
  1.28938800
  1.21600600
  1.21728800
  1.34753500
  1.28616900
  1.17393300
  1.18825500
  1.28421900
  1.14355700
  1.10973300
  1.23175100
  1.17311600
  1.26723800
  1.25601300
  1.12087700
  1.21731500
  1.22908700
  1.29624300
  1.17540500
  1.27645700
  1.27475200
  1.14896600
  1.12084900
  1.21657000
  1.20236300
  1.28118600
  1.19059300
  1.33361200
  1.12763900
  1.20515800
  1.32946700
  1.21326400
  1.36246400
  1.26483800
  1.22390800
  1.23525300
  1.26360700
  1.17379300
  1.18779100
  1.24601000
  1.35047400
  1.27123500
  1.30756100
  1.29831100
  1.11946400
  1.09446000
  1.26897500
  1.16698000
  1.19079100
  1.09877200
  1.19390700
  1.15580000
  1.19751000
  1.38111200
  1.15636700
  1.31995600
  1.27703100
  1.24823500
  1.23655000
  1.29274500
  1.26381300
  1.15204600
  1.22085400
  1.24328200
  1.32364200
  1.16493900
  1.31120100
  1.27140500
  1.28823900
  1.18991200
  1.14673800
  1.19173900
  1.21467700
  1.20128500
  1.26076200
  1.21739400
  1.20929100
  1.27752600
  1.18522100
  1.29503800
  1.23553700
  1.33072700
  1.19724500
  1.25572500
  1.13432100
  1.33026700
  1.11134900
  1.27022400
  1.23939300
  1.24133300
  1.23998700
  1.32597200
  1.30766500
  1.19038700
  1.47423700
  1.24207300
  1.27703900
  1.19162700
  1.34233800
  1.16979300
  1.27460600
  1.25201200
  1.29882200
  1.26766600
  1.22080200
  1.14259200
  1.29297700
  1.29322900
  1.21473900
  1.22373800
  1.18048900
  1.27930400
  1.11743900
  1.18696200
  1.22770200
  1.29342800
  1.15081700
  1.21580100
  1.15140900
  1.31130500
  1.28884400
  1.23561300
  1.09119400
  1.25038000
  1.18651500
  1.15474800
  1.16712400
  1.24462000
  1.22140600
  1.22085100
  1.12139600
  1.10018500
  1.29948200
  1.26877600
  1.29844900
  1.19500000
  1.21000600
  1.29267100
  1.18850100
  1.33132200
  1.26084600
  1.23684400
  1.25269200
  1.16959000
  1.15143500
  1.28881500
  1.24772600
  1.30547900
  1.20708900
  1.18712900
  1.19688200
  1.22336300
  1.22263400
  1.18973300
  1.34723200
  1.24068900
  1.22120200
  1.18005100
  1.23548400
  1.19791900
  1.30130600
  1.18040100
  1.22761700
  1.22985000
  1.20943600
  1.13019800
  1.21405100
  1.29756400
  1.15859600
  1.18658400
  1.21332200
  1.19071500
  1.35652200
  1.21757200
  1.29466200
  1.18870200
  1.30188700
  1.19802900
  1.20776200
  1.33468100
  1.31771300
  1.12580400
  1.31954100
  1.25773100
  1.18827800
  1.35567000
  1.34264900
  1.22195500
  1.26834200
  1.19706500
  1.16658800
  1.35734800
  1.24652900
  1.27887300
  1.24444200
  1.25422100
  1.18146200
  1.22792600
  1.32798300
  1.24031100
  1.17619500
  1.22849200
  1.17933400
  1.15223900
  1.20493800
  1.12991700
  1.23800600
  1.33445200
  1.15600100
  1.10886200
  1.14121800
  1.24374000
  1.18442000
  1.15912300
  1.37570000
  1.20461700
  1.17897900
  1.26842900
  1.18814200
  1.24867800
  1.19517300
  1.23843700
  1.18706400
  1.18812100
  1.22523200
  1.30336200
  1.31287500
  1.19004100
  1.15415800
  1.28459200
  1.18492800
  1.15192100
  1.28032100
  1.28531400
  1.29413600
  1.32763500
  1.22289800
  1.10374800
  1.20705800
  1.25980600
  1.37316900
  1.25613500
  1.28048700
  1.13412200
  1.30684400
  1.16512000
  1.18441800
  1.10720100
  1.33527000
  1.17132000
  1.18048300
  1.16481200
  1.36198200
  1.15983200
  1.10944300
  1.26013900
  1.22785500
  1.22056700
  1.17314400
  1.16484800
  1.43609200
  1.28110900
  1.42431600
  1.26706600
  1.18149100
  1.26023100
  1.20692000
  1.13308600
  1.17136000
  1.24601700
  1.22170200
  1.14866000
  1.27402400
  1.20991200
  1.29003300
  1.07802800
  1.18314700
  1.38554300
  1.34089800
  1.35180700
  1.10997700
  1.21754200
  1.34553900
  1.25505700
  1.13417300
  1.26425200
  1.37125000
  1.18920100
  1.13592400
  1.25070200
  1.27790300
  1.21810300
  1.18277000
  1.27648300
  1.21555600
  1.14612500
  1.24747900
  1.20450700
  1.35909800
  1.25633900
  1.26227000
  1.20229300
  1.30494300
  1.36609100
  1.23311500
  1.11445600
  1.15722200
  1.17448300
  1.12693900
  1.20402100
  1.22745900
  1.25913700
  1.24212800
  1.31027600
  1.13900900
  1.32477500
  1.14430200
  1.17631400
  1.26649600
  1.33094400
  1.23522600
  1.30942800
  1.19930300
  1.19347000
  1.17922400
  1.40372600
  1.18470800
  1.18647000
  1.18108400
  1.16313200
  1.14616300
  1.29131600
  1.19574900
  1.33106800
  1.24547300
  1.38762800
  1.20451300
  1.15644700
  1.19792000
  1.34961600
  1.29964300
  1.11864700
  1.25014700
  1.32616200
  1.30370400
  1.24902200
  1.31052800
  1.21538200
  1.29484900
  1.22393500
  1.30578400
  1.25115100
  1.20841500
  1.21756000
  1.24923100
  1.07610600
  1.19515600
  1.11118300
  1.36638400
  1.15721300
  1.24762700
  1.27643300
  1.15916800
  1.21402100
  1.25831700
  1.25026900
  1.14745900
  1.14949100
  1.33385800
  1.34253400
  1.14677600
  1.13250400
  1.26264400
  1.29851200
  1.14459600
  1.18176100
  1.18115100
  1.29456100
  1.20664900
  1.12442100
  1.30938900
  1.20786000
  1.25533200
  1.14263200
  1.28230300
  1.26962100
  1.27520600
  1.23357600
  1.21356700
  1.15018300
  1.21753900
  1.18048700
  1.15053600
  1.21936200
  1.30915400
  1.19018900
  1.17029600
  1.19437000
  1.17611400
  1.21359100
  1.14546400
  1.21661200
  1.18066400
  1.26097600
  1.26622100
  1.22286100
  1.19019400
  1.27529500
  1.17803100
  1.18672100
  1.14226400
  1.13497000
  1.13798300
  1.27233900
  1.29099000
  1.21573200
  1.21256600
  1.25739300
  1.31558500
  1.12311000
  1.22051900
  1.15733400
  1.21798100
  1.18308000
  1.24294000
  1.23446300
  1.24655100
  1.14761200
  1.25979600
  1.12625800
  1.11999800
  1.24837300
  1.34654800
  1.24062900
  1.26154900
  1.15286600
  1.19498900
  1.25688500
  1.20828800
  1.22862100
  1.16365800
  1.29502100
  1.22272200
  1.33479400
  1.21642100
  1.22518300
  1.19210400
  1.23228400
  1.22620200
  1.15396700
  1.16498500
  1.36219300
  1.18180700
  1.12101700
  1.15820400
  1.21330700
  1.23645900
  1.16260800
  1.27550600
  1.32112900
  1.16386400
  1.34120400
  1.16468700
  1.17614300
  1.32763800
  1.25005000
  1.27474100
  1.32002200
  1.27325000
  1.22086400
  1.22526600
  1.21487300
  1.15872800
  1.34119900
  1.30954300
  1.16855500
  1.14498300
  1.15139200
  1.24767200
  1.16579400
  1.17356500
  1.22128000
  1.15642400
  1.14215800
  1.30068400
  1.19110200
  1.26573900
  1.29986200
  1.35010600
  1.28437900
  1.16870500
  1.27630800
  1.32082000
  1.27785400
  1.33870900
  1.15171200
  1.21827300
  1.26030100
  1.12995500
  1.19512300
  1.22084600
  1.19255300
  1.21299700
  1.28063800
  1.15527600
  1.30007800
  1.26432100
  1.20988200
  1.28941800
  1.36028000
  1.30734200
  1.15394600
  1.20832000
  1.43324100
  1.14753300
  1.29864500
  1.17140800
  1.17921700
  1.23876400
  1.19038200
  1.15371000
  1.27775600
  1.37278900
  1.22083600
  1.18612000
  1.11052800
  1.32290700
  1.10496600
  1.30538300
  1.18318800
  1.35350200
  1.17620800
  1.37364300
  1.20149100
  1.34297000
  1.26609900
  1.33833000
  1.35124000
  1.21787900
  1.34171700
  1.27330500
  1.31050800
  1.15741000
  1.26041600
  1.21234900
  1.23909100
  1.18676800
  1.37949500
  1.16464300
  1.17636400
  1.29596900
  1.37141600
  1.27377300
  1.32544800
  1.19591900
  1.21945900
  1.21811000
  1.22857800
  1.20023400
  1.27099500
  1.29756100
  1.29059300
  1.13413500
  1.14411400
  1.19344900
  1.23769200
  1.13041800
  1.20454400
  1.31792900
  1.12568300
  1.13958100
  1.26399600
  1.29016600
  1.19341500
  1.13624600
  1.56003700
  1.28964300
  1.23637500
  1.28472500
  1.29496900
  1.18506200
  1.19165700
  1.31316100
  1.27767000
  1.17724100
  1.25337600
  1.15052100
  1.14967000
  1.15460300
  1.15029000
  1.26496000
  1.11408800
  1.22226800
  1.34392400
  1.15717800
  1.14515100
  1.21581600
  1.27972200
  1.22944700
  1.24648700
  1.34976500
  1.16141700
  1.22402800
  1.23948000
  1.23100500
  1.31082700
  1.16744800
  1.20289300
  1.19989900
  1.36356700
  1.18063100
  1.27815200
  1.13886200
  1.27789800
  1.16694300
  1.30200000
  1.17261300
  1.23223500
  1.45579300
  1.15792800
  1.12595300
  1.23868600
  1.19048600
  1.13575000
  1.26485900
  1.20275400
  1.23583700
  1.24119700
  1.23265200
  1.12679300
  1.34180700
  1.25559500
  1.22389800
  1.18057500
  1.15650600
  1.28383500
  1.18900800
  1.25583300
  1.17950800
  1.29575900
  1.24943000
  1.19362900
  1.27827800
  1.31506200
  1.23098500
  1.24402700
  1.21826200
  1.20731400
  1.18602800
  1.29759400
  1.28248500
  1.23870400
  1.34785400
  1.18124300
  1.23223000
  1.20284600
  1.19801200
  1.19791600
  1.27775000
  1.26848000
  1.19588300
  1.23412100
  1.16651200
  1.34204000
  1.34094300
  1.19672700
  1.23408900
  1.34214100
  1.23568900
  1.22994200
  1.16434900
  1.26817000
  1.33538600
  1.24605300
  1.15005200
  1.24711300
  1.14515200
